Iteration		Height			Width

0			[1, 14]			[3, 8]

1			[1, 14]			[3, 3]

2			[1, 14]			[2, 7]

3			[1, 14]			[2, 4]

4			[1, 14]			[0, 1]

5			[1, 14]			[3, 5]

6			[7, 9]			[0, 4]

7			[7, 9]			[0, 3]

8			[7, 9]			[2, 2]

9			[7, 9]			[3, 8]

10			[7, 9]			[0, 5]

11			[7, 9]			[0, 5]

12			[13, 13]			[0, 4]

13			[13, 13]			[1, 2]

14			[13, 13]			[0, 2]

15			[13, 13]			[3, 6]

16			[13, 13]			[0, 4]

17			[13, 13]			[3, 7]

18			[1, 19]			[1, 4]

19			[1, 19]			[1, 6]

20			[1, 19]			[2, 6]

21			[1, 19]			[3, 6]

22			[1, 19]			[3, 5]

23			[1, 19]			[2, 2]

24			[7, 22]			[3, 7]

25			[7, 22]			[1, 3]

26			[7, 22]			[0, 1]

27			[7, 22]			[1, 3]

28			[7, 22]			[0, 0]

29			[7, 22]			[1, 6]

30			[13, 23]			[0, 0]

31			[13, 23]			[0, 4]

32			[13, 23]			[1, 2]

33			[13, 23]			[3, 8]

34			[13, 23]			[2, 4]

35			[13, 23]			[3, 3]

36			[1, 18]			[0, 4]

37			[1, 18]			[1, 2]

38			[1, 18]			[0, 5]

39			[1, 18]			[2, 6]

40			[1, 18]			[0, 4]

41			[1, 18]			[1, 2]

42			[7, 25]			[0, 5]

43			[7, 25]			[1, 3]

44			[7, 25]			[0, 1]

45			[7, 25]			[1, 1]

46			[7, 25]			[0, 4]

47			[7, 25]			[1, 6]

48			[13, 21]			[1, 5]

49			[13, 21]			[2, 2]

50			[13, 21]			[1, 2]

51			[13, 21]			[3, 8]

52			[13, 21]			[0, 4]

53			[13, 21]			[0, 2]

54			[1, 20]			[1, 2]

55			[1, 20]			[1, 2]

56			[1, 20]			[0, 3]

57			[1, 20]			[3, 7]

58			[1, 20]			[3, 5]

59			[1, 20]			[1, 5]

60			[7, 8]			[3, 6]

61			[7, 8]			[0, 0]

62			[7, 8]			[1, 1]

63			[7, 8]			[3, 6]

64			[7, 8]			[2, 3]

65			[7, 8]			[1, 6]

66			[13, 29]			[0, 2]

67			[13, 29]			[0, 2]

68			[13, 29]			[0, 1]

69			[13, 29]			[1, 3]

70			[13, 29]			[1, 5]

71			[13, 29]			[1, 2]

72			[1, 19]			[2, 6]

73			[1, 19]			[1, 6]

74			[1, 19]			[0, 3]

75			[1, 19]			[3, 5]

76			[1, 19]			[0, 4]

77			[1, 19]			[0, 4]

78			[7, 14]			[0, 5]

79			[7, 14]			[3, 7]

80			[7, 14]			[1, 4]

81			[7, 14]			[2, 5]

82			[7, 14]			[0, 2]

83			[7, 14]			[3, 7]

84			[13, 22]			[2, 7]

85			[13, 22]			[0, 5]

86			[13, 22]			[0, 3]

87			[13, 22]			[0, 4]

88			[13, 22]			[2, 3]

89			[13, 22]			[3, 3]

90			[1, 19]			[1, 3]

91			[1, 19]			[0, 2]

92			[1, 19]			[1, 3]

93			[1, 19]			[3, 5]

94			[1, 19]			[2, 4]

95			[1, 19]			[1, 3]

96			[7, 18]			[0, 2]

97			[7, 18]			[1, 4]

98			[7, 18]			[2, 7]

99			[7, 18]			[3, 8]

100			[7, 18]			[1, 1]

101			[7, 18]			[1, 3]

102			[13, 22]			[2, 4]

103			[13, 22]			[3, 5]

104			[13, 22]			[2, 6]

105			[13, 22]			[2, 4]

106			[13, 22]			[1, 5]

107			[13, 22]			[0, 2]

108			[1, 1]			[2, 5]

109			[1, 1]			[0, 0]

110			[1, 1]			[0, 5]

111			[1, 1]			[1, 5]

112			[1, 1]			[1, 4]

113			[1, 1]			[1, 1]

114			[7, 10]			[2, 3]

115			[7, 10]			[2, 3]

116			[7, 10]			[3, 6]

117			[7, 10]			[2, 6]

118			[7, 10]			[2, 2]

119			[7, 10]			[1, 6]

